   0.00000 5.95664E+17 5.87367E+19   1.08044
   0.10000 1.48125E+18 4.41053E+19   1.07358
   0.20000 2.62359E+18 3.39990E+19   1.06674
   0.30000 3.89673E+18 2.67458E+19   1.05995
   0.40000 5.18568E+18 2.13798E+19   1.05323
   0.50000 6.39623E+18 1.73118E+19   1.04659
   0.60000 7.45918E+18 1.41655E+19   1.04006
   0.70000 8.33028E+18 1.16914E+19   1.03365
   0.80000 8.98767E+18 9.71888E+18   1.02738
   0.90000 9.42781E+18 8.12786E+18   1.02124
   1.00000 9.66093E+18 6.83188E+18   1.01526
   1.10000 9.70673E+18 5.76736E+18   1.00944
   1.20000 9.59052E+18 4.88670E+18   1.00377
   1.30000 9.34013E+18 4.15365E+18   0.99825
   1.40000 8.98355E+18 3.54024E+18   0.99288
   1.50000 8.54733E+18 3.02460E+18   0.98766
   1.60000 8.05547E+18 2.58942E+18   0.98257
   1.70000 7.52890E+18 2.22089E+18   0.97762
   1.80000 6.98526E+18 1.90786E+18   0.97278
   1.90000 6.43895E+18 1.64128E+18   0.96806
   2.00000 5.90131E+18 1.41372E+18   0.96345
   2.10000 5.38100E+18 1.21909E+18   0.95893
   2.20000 4.88431E+18 1.05231E+18   0.95450
   2.30000 4.41553E+18 9.09184E+17   0.95016
   2.40000 3.97731E+18 7.86173E+17   0.94589
   2.50000 3.57101E+18 6.80320E+17   0.94169
   2.60000 3.19694E+18 5.89128E+17   0.93754
   2.70000 2.85464E+18 5.10487E+17   0.93346
   2.80000 2.54305E+18 4.42606E+17   0.92943
   2.90000 2.26075E+18 3.83965E+17   0.92544
   3.00000 2.00601E+18 3.33266E+17   0.92149
   3.10000 1.77698E+18 2.89403E+17   0.91759
   3.20000 1.57172E+18 2.51430E+17   0.91371
   3.30000 1.38827E+18 2.18536E+17   0.90987
   3.40000 1.22474E+18 1.90026E+17   0.90606
   3.50000 1.07929E+18 1.65302E+17   0.90227
   3.60000 9.50172E+17 1.43852E+17   0.89851
   3.70000 8.35764E+17 1.25232E+17   0.89477
   3.80000 7.34551E+17 1.09062E+17   0.89105
   3.90000 6.45139E+17 9.50147E+16   0.88735
   4.00000 5.66255E+17 8.28053E+16   0.88366
   4.10000 4.96737E+17 7.21896E+16   0.88000
   4.20000 4.35538E+17 6.29561E+16   0.87634
   4.30000 3.81711E+17 5.49217E+16   0.87271
   4.40000 3.34408E+17 4.79283E+16   0.86908
   4.50000 2.92869E+17 4.18389E+16   0.86547
   4.60000 2.56415E+17 3.65348E+16   0.86187
   4.70000 2.24442E+17 3.19132E+16   0.85828
   4.80000 1.96415E+17 2.78850E+16   0.85470
   4.90000 1.71857E+17 2.43728E+16   0.85114
   5.00000 1.50347E+17 2.13095E+16   0.84758
   5.10000 1.31515E+17 1.86369E+16   0.84403
   5.20000 1.15032E+17 1.63046E+16   0.84050
   5.30000 1.00608E+17 1.42684E+16   0.83697
   5.40000 8.79897E+16 1.24903E+16   0.83345
   5.50000 7.69527E+16 1.09371E+16   0.82994
   5.60000 6.73004E+16 9.57986E+15   0.82644
   5.70000 5.88603E+16 8.39360E+15   0.82295
   5.80000 5.14807E+16 7.35643E+15   0.81946
   5.90000 4.50290E+16 6.44934E+15   0.81599
   6.00000 3.93887E+16 5.65579E+15   0.81252
   6.10000 3.44579E+16 4.96135E+15   0.80906
   6.20000 3.01475E+16 4.35348E+15   0.80561
   6.30000 2.63792E+16 3.82121E+15   0.80217
   6.40000 2.30848E+16 3.35501E+15   0.79873
   6.50000 2.02046E+16 2.94657E+15   0.79531
   6.60000 1.76863E+16 2.58861E+15   0.79189
   6.70000 1.54844E+16 2.27482E+15   0.78848
   6.80000 1.35588E+16 1.99965E+15   0.78507
   6.90000 1.18747E+16 1.75828E+15   0.78168
   7.00000 1.04016E+16 1.54651E+15   0.77829
   7.10000 9.11306E+15 1.36064E+15   0.77491
   7.20000 7.98567E+15 1.19747E+15   0.77154
   7.30000 6.99916E+15 1.05417E+15   0.76817
   7.40000 6.13579E+15 9.28300E+14   0.76482
   7.50000 5.38007E+15 8.17697E+14   0.76147
   7.60000 4.71846E+15 7.20484E+14   0.75813
   7.70000 4.13914E+15 6.35015E+14   0.75479
   7.80000 3.63177E+15 5.59850E+14   0.75147
   7.90000 3.18734E+15 4.93727E+14   0.74815
   8.00000 2.79796E+15 4.35542E+14   0.74484
   8.10000 2.45674E+15 3.84328E+14   0.74153
   8.20000 2.15766E+15 3.39235E+14   0.73824
   8.30000 1.89545E+15 2.99521E+14   0.73495
   8.40000 1.66554E+15 2.64534E+14   0.73167
   8.50000 1.46388E+15 2.33703E+14   0.72840
   8.60000 1.28697E+15 2.06526E+14   0.72513
   8.70000 1.13173E+15 1.82563E+14   0.72188
   8.80000 9.95477E+14 1.61428E+14   0.71863
   8.90000 8.75861E+14 1.42782E+14   0.71539
   9.00000 7.70824E+14 1.26326E+14   0.71215
   9.10000 6.78566E+14 1.11800E+14   0.70892
   9.20000 5.97511E+14 9.89737E+13   0.70571
   9.30000 5.26283E+14 8.76445E+13   0.70249
   9.40000 4.63672E+14 7.76349E+13   0.69929
   9.50000 4.08623E+14 6.87887E+13   0.69609
   9.60000 3.60210E+14 6.09684E+13   0.69290
   9.70000 3.17621E+14 5.40531E+13   0.68972
   9.80000 2.80147E+14 4.79362E+13   0.68655
   9.90000 2.47163E+14 4.25241E+13   0.68338
  10.00000 2.18124E+14 3.77341E+13   0.68023
  10.10000 1.92552E+14 3.34935E+13   0.67708
  10.20000 1.70027E+14 2.97382E+13   0.67393
  10.30000 1.50179E+14 2.64117E+13   0.67080
  10.40000 1.32686E+14 2.34643E+13   0.66767
  10.50000 1.17265E+14 2.08518E+13   0.66455
  10.60000 1.03666E+14 1.85357E+13   0.66144
  10.70000 9.16705E+13 1.64817E+13   0.65833
  10.80000 8.10866E+13 1.46596E+13   0.65523
  10.90000 7.17456E+13 1.30428E+13   0.65214
  11.00000 6.34991E+13 1.16077E+13   0.64906
  11.10000 5.62169E+13 1.03336E+13   0.64599
  11.20000 4.97844E+13 9.20203E+12   0.64292
  11.30000 4.41009E+13 8.19677E+12   0.63986
  11.40000 3.90777E+13 7.30348E+12   0.63681
  11.50000 3.46369E+13 6.50946E+12   0.63376
  11.60000 3.07098E+13 5.80347E+12   0.63073
  11.70000 2.72359E+13 5.17557E+12   0.62770
  11.80000 2.41622E+13 4.61696E+12   0.62468
  11.90000 2.14417E+13 4.11985E+12   0.62166
  12.00000 1.90331E+13 3.67735E+12   0.61866
  12.10000 1.69001E+13 3.28334E+12   0.61566
  12.20000 1.50106E+13 2.93242E+12   0.61267
  12.30000 1.33364E+13 2.61976E+12   0.60968
  12.40000 1.18524E+13 2.34114E+12   0.60671
  12.50000 1.05366E+13 2.09276E+12   0.60374
  12.60000 9.36975E+12 1.87128E+12   0.60078
  12.70000 8.33458E+12 1.67373E+12   0.59783
  12.80000 7.41599E+12 1.49748E+12   0.59488
  12.90000 6.60061E+12 1.34019E+12   0.59194
  13.00000 5.87663E+12 1.19976E+12   0.58901
  13.10000 5.23363E+12 1.07437E+12   0.58609
  13.20000 4.66238E+12 9.62366E+11   0.58318
  13.30000 4.15472E+12 8.62292E+11   0.58027
  13.40000 3.70345E+12 7.72852E+11   0.57737
  13.50000 3.30218E+12 6.92892E+11   0.57448
  13.60000 2.94528E+12 6.21388E+11   0.57159
  13.70000 2.62773E+12 5.57427E+11   0.56872
  13.80000 2.34513E+12 5.00196E+11   0.56585
  13.90000 2.09354E+12 4.48974E+11   0.56298
  14.00000 1.86951E+12 4.03115E+11   0.56013
  14.10000 1.66995E+12 3.62047E+11   0.55728
  14.20000 1.49214E+12 3.25258E+11   0.55444
  14.30000 1.33367E+12 2.92294E+11   0.55161
  14.40000 1.19238E+12 2.62748E+11   0.54879
  14.50000 1.06638E+12 2.36257E+11   0.54597
  14.60000 9.53986E+11 2.12501E+11   0.54317
  14.70000 8.53692E+11 1.91189E+11   0.54036
  14.80000 7.64172E+11 1.72065E+11   0.53757
  14.90000 6.84245E+11 1.54899E+11   0.53479
  15.00000 6.12862E+11 1.39488E+11   0.53201
  15.10000 5.49091E+11 1.25646E+11   0.52924
  15.20000 4.92104E+11 1.13211E+11   0.52647
  15.30000 4.41164E+11 1.02037E+11   0.52372
  15.40000 3.95616E+11 9.19929E+10   0.52097
  15.50000 3.54877E+11 8.29618E+10   0.51823
  15.60000 3.18430E+11 7.48394E+10   0.51550
  15.70000 2.85812E+11 6.75320E+10   0.51277
  15.80000 2.56612E+11 6.09561E+10   0.51006
  15.90000 2.30465E+11 5.50366E+10   0.50735
  16.00000 2.07044E+11 4.97067E+10   0.50464
  16.10000 1.86060E+11 4.49061E+10   0.50195
  16.20000 1.67252E+11 4.05810E+10   0.49926
  16.30000 1.50392E+11 3.66834E+10   0.49658
  16.40000 1.35271E+11 3.31698E+10   0.49391
  16.50000 1.21708E+11 3.00016E+10   0.49125
  16.60000 1.09537E+11 2.71440E+10   0.48859
  16.70000 9.86133E+10 2.45657E+10   0.48594
  16.80000 8.88057E+10 2.22390E+10   0.48330
  16.90000 7.99976E+10 2.01385E+10   0.48067
  17.00000 7.20849E+10 1.82418E+10   0.47804
  17.10000 6.49743E+10 1.65285E+10   0.47542
  17.20000 5.85829E+10 1.49806E+10   0.47281
  17.30000 5.28361E+10 1.35817E+10   0.47021
  17.40000 4.76673E+10 1.23170E+10   0.46761
  17.50000 4.30172E+10 1.11733E+10   0.46503
  17.60000 3.88325E+10 1.01389E+10   0.46245
  17.70000 3.50654E+10 9.20287E+09   0.45987
  17.80000 3.16732E+10 8.35574E+09   0.45731
  17.90000 2.86179E+10 7.58883E+09   0.45475
  18.00000 2.58651E+10 6.89433E+09   0.45220
  18.10000 2.33841E+10 6.26523E+09   0.44966
  18.20000 2.11475E+10 5.69521E+09   0.44712
  18.30000 1.91306E+10 5.17858E+09   0.44460
  18.40000 1.73112E+10 4.71019E+09   0.44208
  18.50000 1.56696E+10 4.28543E+09   0.43956
  18.60000 1.41880E+10 3.90012E+09   0.43706
  18.70000 1.28503E+10 3.55050E+09   0.43456
  18.80000 1.16422E+10 3.23317E+09   0.43207
  18.90000 1.05509E+10 2.94507E+09   0.42959
  19.00000 9.56480E+09 2.68343E+09   0.42712
  19.10000 8.67346E+09 2.44575E+09   0.42465
  19.20000 7.86755E+09 2.22978E+09   0.42219
  19.30000 7.13868E+09 2.03348E+09   0.41974
  19.40000 6.47929E+09 1.85501E+09   0.41730
  19.50000 5.88258E+09 1.69270E+09   0.41486
  19.60000 5.34243E+09 1.54504E+09   0.41243
  19.70000 4.85334E+09 1.41068E+09   0.41001
  19.80000 4.41036E+09 1.28838E+09   0.40760
  19.90000 4.00902E+09 1.17703E+09   0.40519
  20.00000 3.64530E+09 1.07563E+09   0.40280
  20.10000 3.31557E+09 9.83243E+08   0.40041
  20.20000 3.01659E+09 8.99059E+08   0.39802
  20.30000 2.74539E+09 8.22324E+08   0.39565
  20.40000 2.49932E+09 7.52361E+08   0.39328
  20.50000 2.27600E+09 6.88552E+08   0.39092
  20.60000 2.07326E+09 6.30340E+08   0.38857
  20.70000 1.88914E+09 5.77219E+08   0.38622
  20.80000 1.72190E+09 5.28731E+08   0.38389
  20.90000 1.56993E+09 4.84458E+08   0.38156
  21.00000 1.43181E+09 4.44023E+08   0.37924
  21.10000 1.30623E+09 4.07082E+08   0.37692
  21.20000 1.19203E+09 3.73325E+08   0.37461
  21.30000 1.08814E+09 3.42467E+08   0.37232
  21.40000 9.93604E+08 3.14253E+08   0.37002
  21.50000 9.07555E+08 2.88448E+08   0.36774
  21.60000 8.29208E+08 2.64839E+08   0.36546
  21.70000 7.57852E+08 2.43235E+08   0.36319
  21.80000 6.92846E+08 2.23459E+08   0.36093
  21.90000 6.33607E+08 2.05350E+08   0.35868
  22.00000 5.79608E+08 1.88765E+08   0.35643
  22.10000 5.30371E+08 1.73571E+08   0.35420
  22.20000 4.85463E+08 1.59646E+08   0.35197
  22.30000 4.44491E+08 1.46882E+08   0.34974
  22.40000 4.07100E+08 1.35178E+08   0.34753
  22.50000 3.72967E+08 1.24443E+08   0.34532
  22.60000 3.41798E+08 1.14594E+08   0.34312
  22.70000 3.13329E+08 1.05556E+08   0.34093
  22.80000 2.87318E+08 9.72595E+07   0.33874
  22.90000 2.63546E+08 8.96413E+07   0.33656
  23.00000 2.41813E+08 8.26441E+07   0.33439
  23.10000 2.21939E+08 7.62155E+07   0.33223
  23.20000 2.03761E+08 7.03077E+07   0.33008
  23.30000 1.87127E+08 6.48768E+07   0.32793
  23.40000 1.71904E+08 5.98831E+07   0.32579
  23.50000 1.57966E+08 5.52900E+07   0.32366
  23.60000 1.45202E+08 5.10642E+07   0.32153
  23.70000 1.33510E+08 4.71753E+07   0.31942
  23.80000 1.22796E+08 4.35954E+07   0.31731
  23.90000 1.12976E+08 4.02989E+07   0.31521
  24.00000 1.03973E+08 3.72627E+07   0.31311
  24.10000 9.57163E+07 3.44654E+07   0.31103
  24.20000 8.81417E+07 3.18875E+07   0.30895
  24.30000 8.11910E+07 2.95110E+07   0.30688
  24.40000 7.48110E+07 2.73197E+07   0.30481
  24.50000 6.89531E+07 2.52986E+07   0.30276
  24.60000 6.35730E+07 2.34338E+07   0.30071
  24.70000 5.86304E+07 2.17129E+07   0.29867
  24.80000 5.40884E+07 2.01243E+07   0.29664
  24.90000 4.99133E+07 1.86574E+07   0.29461
  25.00000 4.60744E+07 1.73026E+07   0.29259
  25.10000 4.25436E+07 1.60508E+07   0.29058
  25.20000 3.92952E+07 1.48940E+07   0.28858
  25.30000 3.63057E+07 1.38246E+07   0.28659
  25.40000 3.35538E+07 1.28357E+07   0.28460
  25.50000 3.10199E+07 1.19211E+07   0.28262
  25.60000 2.86859E+07 1.10750E+07   0.28065
  25.70000 2.65356E+07 1.02919E+07   0.27868
  25.80000 2.45539E+07 9.56698E+06   0.27672
  25.90000 2.27270E+07 8.89576E+06   0.27478
  26.00000 2.10424E+07 8.27406E+06   0.27283
  26.10000 1.94885E+07 7.69807E+06   0.27090
  26.20000 1.80548E+07 7.16428E+06   0.26897
  26.30000 1.67316E+07 6.66947E+06   0.26705
  26.40000 1.55101E+07 6.21066E+06   0.26514
  26.50000 1.43821E+07 5.78512E+06   0.26324
  26.60000 1.33402E+07 5.39031E+06   0.26134
  26.70000 1.23774E+07 5.02393E+06   0.25945
  26.80000 1.14877E+07 4.68383E+06   0.25757
  26.90000 1.06651E+07 4.36804E+06   0.25570
  27.00000 9.90434E+06 4.07473E+06   0.25383
  27.10000 9.20066E+06 3.80224E+06   0.25198
  27.20000 8.54955E+06 3.54901E+06   0.25013
  27.30000 7.94691E+06 3.31363E+06   0.24828
  27.40000 7.38898E+06 3.09476E+06   0.24645
  27.50000 6.87230E+06 2.89120E+06   0.24462
  27.60000 6.39367E+06 2.70183E+06   0.24280
  27.70000 5.95017E+06 2.52560E+06   0.24099
  27.80000 5.53910E+06 2.36156E+06   0.23918
  27.90000 5.15799E+06 2.20882E+06   0.23738
  28.00000 4.80454E+06 2.06657E+06   0.23560
  28.10000 4.47667E+06 1.93405E+06   0.23381
  28.20000 4.17243E+06 1.81056E+06   0.23204
  28.30000 3.89004E+06 1.69546E+06   0.23027
  28.40000 3.62785E+06 1.58814E+06   0.22851
  28.50000 3.38436E+06 1.48804E+06   0.22676
  28.60000 3.15816E+06 1.39467E+06   0.22502
  28.70000 2.94797E+06 1.30754E+06   0.22328
  28.80000 2.75259E+06 1.22622E+06   0.22155
  28.90000 2.57094E+06 1.15029E+06   0.21983
  29.00000 2.40201E+06 1.07938E+06   0.21812
  29.10000 2.24485E+06 1.01314E+06   0.21641
  29.20000 2.09860E+06 9.51240E+05   0.21471
  29.30000 1.96247E+06 8.93387E+05   0.21302
  29.40000 1.83573E+06 8.39300E+05   0.21134
  29.50000 1.71769E+06 7.88719E+05   0.20966
  29.60000 1.60773E+06 7.41405E+05   0.20799
  29.70000 1.50526E+06 6.97133E+05   0.20633
  29.80000 1.40974E+06 6.55698E+05   0.20468
  29.90000 1.32068E+06 6.16907E+05   0.20304
  30.00000 1.23763E+06 5.80582E+05   0.20140
  30.10000 1.16014E+06 5.46556E+05   0.19977
  30.20000 1.08784E+06 5.14675E+05   0.19814
  30.30000 1.02035E+06 4.84796E+05   0.19653
  30.40000 9.57330E+05 4.56787E+05   0.19492
  30.50000 8.98477E+05 4.30522E+05   0.19332
  30.60000 8.43496E+05 4.05886E+05   0.19173
  30.70000 7.92118E+05 3.82773E+05   0.19015
  30.80000 7.44094E+05 3.61082E+05   0.18857
  30.90000 6.99192E+05 3.40720E+05   0.18700
  31.00000 6.57198E+05 3.21601E+05   0.18544
  31.10000 6.17912E+05 3.03643E+05   0.18388
  31.20000 5.81150E+05 2.86773E+05   0.18234
  31.30000 5.46739E+05 2.70920E+05   0.18080
  31.40000 5.14521E+05 2.56018E+05   0.17927
  31.50000 4.84348E+05 2.42007E+05   0.17774
  31.60000 4.56081E+05 2.28830E+05   0.17623
  31.70000 4.29593E+05 2.16434E+05   0.17472
  31.80000 4.04766E+05 2.04769E+05   0.17322
  31.90000 3.81488E+05 1.93790E+05   0.17173
  32.00000 3.59657E+05 1.83454E+05   0.17024
  32.10000 3.39178E+05 1.73719E+05   0.16876
  32.20000 3.19961E+05 1.64550E+05   0.16729
  32.30000 3.01924E+05 1.55910E+05   0.16583
  32.40000 2.84989E+05 1.47768E+05   0.16437
  32.50000 2.69085E+05 1.40091E+05   0.16292
  32.60000 2.54146E+05 1.32852E+05   0.16148
  32.70000 2.40108E+05 1.26025E+05   0.16005
  32.80000 2.26913E+05 1.19583E+05   0.15863
  32.90000 2.14508E+05 1.13504E+05   0.15721
  33.00000 2.02843E+05 1.07765E+05   0.15580
  33.10000 1.91869E+05 1.02347E+05   0.15440
  33.20000 1.81544E+05 9.72292E+04   0.15300
  33.30000 1.71826E+05 9.23945E+04   0.15162
  33.40000 1.62677E+05 8.78260E+04   0.15024
  33.50000 1.54062E+05 8.35078E+04   0.14886
  33.60000 1.45947E+05 7.94252E+04   0.14750
  33.70000 1.38300E+05 7.55643E+04   0.14614
  33.80000 1.31094E+05 7.19121E+04   0.14479
  33.90000 1.24301E+05 6.84564E+04   0.14345
  34.00000 1.17895E+05 6.51858E+04   0.14212
  34.10000 1.11853E+05 6.20896E+04   0.14079
  34.20000 1.06152E+05 5.91578E+04   0.13947
  34.30000 1.00772E+05 5.63809E+04   0.13816
  34.40000 9.56935E+04 5.37500E+04   0.13686
  34.50000 9.08981E+04 5.12568E+04   0.13556
  34.60000 8.63690E+04 4.88935E+04   0.13427
  34.70000 8.20902E+04 4.66528E+04   0.13299
  34.80000 7.80467E+04 4.45278E+04   0.13172
  34.90000 7.42247E+04 4.25119E+04   0.13045
  35.00000 7.06109E+04 4.05991E+04   0.12919
  35.10000 6.71933E+04 3.87837E+04   0.12794
  35.20000 6.39602E+04 3.70602E+04   0.12670
  35.30000 6.09009E+04 3.54236E+04   0.12546
  35.40000 5.80052E+04 3.38692E+04   0.12424
  35.50000 5.52638E+04 3.23923E+04   0.12301
  35.60000 5.26677E+04 3.09889E+04   0.12180
  35.70000 5.02086E+04 2.96548E+04   0.12060
  35.80000 4.78785E+04 2.83864E+04   0.11940
  35.90000 4.56703E+04 2.71802E+04   0.11821
  36.00000 4.35769E+04 2.60327E+04   0.11702
  36.10000 4.15918E+04 2.49409E+04   0.11585
  36.20000 3.97090E+04 2.39018E+04   0.11468
  36.30000 3.79228E+04 2.29126E+04   0.11352
  36.40000 3.62277E+04 2.19707E+04   0.11237
  36.50000 3.46186E+04 2.10735E+04   0.11122
  36.60000 3.30909E+04 2.02189E+04   0.11008
  36.70000 3.16400E+04 1.94045E+04   0.10895
  36.80000 3.02617E+04 1.86282E+04   0.10783
  36.90000 2.89520E+04 1.78882E+04   0.10672
  37.00000 2.77072E+04 1.71825E+04   0.10561
  37.10000 2.65239E+04 1.65093E+04   0.10451
  37.20000 2.53985E+04 1.58671E+04   0.10341
  37.30000 2.43282E+04 1.52542E+04   0.10233
  37.40000 2.33098E+04 1.46692E+04   0.10125
  37.50000 2.23406E+04 1.41107E+04   0.10018
  37.60000 2.14181E+04 1.35773E+04   0.09912
  37.70000 2.05398E+04 1.30678E+04   0.09806
  37.80000 1.97032E+04 1.25810E+04   0.09701
  37.90000 1.89063E+04 1.21157E+04   0.09597
  38.00000 1.81470E+04 1.16710E+04   0.09494
  38.10000 1.74233E+04 1.12458E+04   0.09391
  38.20000 1.67333E+04 1.08392E+04   0.09289
  38.30000 1.60754E+04 1.04502E+04   0.09188
  38.40000 1.54479E+04 1.00780E+04   0.09088
  38.50000 1.48492E+04 9.72181E+03   0.08988
  38.60000 1.42779E+04 9.38085E+03   0.08889
  38.70000 1.37326E+04 9.05439E+03   0.08791
  38.80000 1.32120E+04 8.74174E+03   0.08694
  38.90000 1.27148E+04 8.44226E+03   0.08597
  39.00000 1.22399E+04 8.15531E+03   0.08501
  39.10000 1.17861E+04 7.88031E+03   0.08406
  39.20000 1.13524E+04 7.61671E+03   0.08311
  39.30000 1.09379E+04 7.36397E+03   0.08217
  39.40000 1.05416E+04 7.12159E+03   0.08124
  39.50000 1.01625E+04 6.88909E+03   0.08032
  39.60000 9.79991E+03 6.66603E+03   0.07940
  39.70000 9.45297E+03 6.45196E+03   0.07849
  39.80000 9.12092E+03 6.24649E+03   0.07759
  39.90000 8.80306E+03 6.04922E+03   0.07670
  40.00000 8.49871E+03 5.85978E+03   0.07581
  40.10000 8.20723E+03 5.67783E+03   0.07493
  40.20000 7.92800E+03 5.50302E+03   0.07406
  40.30000 7.66045E+03 5.33505E+03   0.07319
  40.40000 7.40403E+03 5.17360E+03   0.07233
  40.50000 7.15822E+03 5.01840E+03   0.07148
  40.60000 6.92253E+03 4.86916E+03   0.07064
  40.70000 6.69648E+03 4.72563E+03   0.06980
  40.80000 6.47964E+03 4.58756E+03   0.06897
  40.90000 6.27158E+03 4.45471E+03   0.06815
  41.00000 6.07190E+03 4.32687E+03   0.06733
  41.10000 5.88022E+03 4.20381E+03   0.06652
  41.20000 5.69618E+03 4.08533E+03   0.06572
  41.30000 5.51943E+03 3.97123E+03   0.06493
  41.40000 5.34965E+03 3.86134E+03   0.06414
  41.50000 5.18653E+03 3.75547E+03   0.06336
  41.60000 5.02976E+03 3.65346E+03   0.06258
  41.70000 4.87907E+03 3.55515E+03   0.06182
  41.80000 4.73420E+03 3.46038E+03   0.06106
  41.90000 4.59488E+03 3.36901E+03   0.06030
  42.00000 4.46088E+03 3.28089E+03   0.05956
  42.10000 4.33196E+03 3.19589E+03   0.05882
  42.20000 4.20790E+03 3.11390E+03   0.05809
  42.30000 4.08850E+03 3.03478E+03   0.05736
  42.40000 3.97356E+03 2.95842E+03   0.05664
  42.50000 3.86288E+03 2.88471E+03   0.05593
  42.60000 3.75628E+03 2.81354E+03   0.05522
  42.70000 3.65360E+03 2.74481E+03   0.05452
  42.80000 3.55467E+03 2.67843E+03   0.05383
  42.90000 3.45933E+03 2.61431E+03   0.05315
  43.00000 3.36744E+03 2.55234E+03   0.05247
  43.10000 3.27884E+03 2.49246E+03   0.05180
  43.20000 3.19341E+03 2.43458E+03   0.05113
  43.30000 3.11101E+03 2.37862E+03   0.05047
  43.40000 3.03152E+03 2.32452E+03   0.04982
  43.50000 2.95483E+03 2.27218E+03   0.04917
  43.60000 2.88081E+03 2.22156E+03   0.04853
  43.70000 2.80937E+03 2.17259E+03   0.04790
  43.80000 2.74039E+03 2.12520E+03   0.04727
  43.90000 2.67379E+03 2.07933E+03   0.04665
  44.00000 2.60946E+03 2.03493E+03   0.04604
  44.10000 2.54731E+03 1.99195E+03   0.04543
  44.20000 2.48727E+03 1.95032E+03   0.04483
  44.30000 2.42925E+03 1.91000E+03   0.04423
  44.40000 2.37316E+03 1.87095E+03   0.04364
  44.50000 2.31894E+03 1.83311E+03   0.04306
  44.60000 2.26652E+03 1.79645E+03   0.04249
  44.70000 2.21582E+03 1.76091E+03   0.04191
  44.80000 2.16677E+03 1.72647E+03   0.04135
  44.90000 2.11933E+03 1.69307E+03   0.04079
  45.00000 2.07341E+03 1.66069E+03   0.04024
  45.10000 2.02898E+03 1.62929E+03   0.03969
  45.20000 1.98597E+03 1.59883E+03   0.03915
  45.30000 1.94432E+03 1.56927E+03   0.03862
  45.40000 1.90400E+03 1.54060E+03   0.03809
  45.50000 1.86494E+03 1.51277E+03   0.03757
  45.60000 1.82711E+03 1.48576E+03   0.03705
  45.70000 1.79046E+03 1.45954E+03   0.03654
  45.80000 1.75494E+03 1.43409E+03   0.03603
  45.90000 1.72052E+03 1.40937E+03   0.03554
  46.00000 1.68715E+03 1.38536E+03   0.03504
  46.10000 1.65480E+03 1.36204E+03   0.03455
  46.20000 1.62343E+03 1.33939E+03   0.03407
  46.30000 1.59301E+03 1.31738E+03   0.03359
  46.40000 1.56350E+03 1.29599E+03   0.03312
  46.50000 1.53487E+03 1.27520E+03   0.03266
  46.60000 1.50709E+03 1.25499E+03   0.03220
  46.70000 1.48013E+03 1.23534E+03   0.03174
  46.80000 1.45397E+03 1.21624E+03   0.03129
  46.90000 1.42857E+03 1.19766E+03   0.03085
  47.00000 1.40390E+03 1.17959E+03   0.03041
  47.10000 1.37996E+03 1.16201E+03   0.02997
  47.20000 1.35670E+03 1.14491E+03   0.02954
  47.30000 1.33410E+03 1.12827E+03   0.02912
  47.40000 1.31215E+03 1.11208E+03   0.02870
  47.50000 1.29083E+03 1.09633E+03   0.02829
  47.60000 1.27010E+03 1.08099E+03   0.02788
  47.70000 1.24996E+03 1.06605E+03   0.02748
  47.80000 1.23037E+03 1.05151E+03   0.02708
  47.90000 1.21134E+03 1.03736E+03   0.02669
  48.00000 1.19282E+03 1.02357E+03   0.02630
  48.10000 1.17482E+03 1.01014E+03   0.02591
  48.20000 1.15731E+03 9.97054E+02   0.02554
  48.30000 1.14028E+03 9.84308E+02   0.02516
  48.40000 1.12371E+03 9.71889E+02   0.02479
  48.50000 1.10758E+03 9.59786E+02   0.02443
  48.60000 1.09189E+03 9.47991E+02   0.02407
  48.70000 1.07661E+03 9.36494E+02   0.02371
  48.80000 1.06175E+03 9.25287E+02   0.02336
  48.90000 1.04727E+03 9.14360E+02   0.02302
  49.00000 1.03318E+03 9.03706E+02   0.02267
  49.10000 1.01945E+03 8.93317E+02   0.02234
  49.20000 1.00609E+03 8.83184E+02   0.02200
  49.30000 9.93068E+02 8.73301E+02   0.02168
  49.40000 9.80385E+02 8.63660E+02   0.02135
  49.50000 9.68028E+02 8.54255E+02   0.02103
  49.60000 9.55987E+02 8.45078E+02   0.02072
  49.70000 9.44252E+02 8.36123E+02   0.02040
  49.80000 9.32816E+02 8.27384E+02   0.02010
  49.90000 9.21668E+02 8.18855E+02   0.01979
  50.00000 9.10800E+02 8.10530E+02   0.01949
  50.10000 9.00204E+02 8.02402E+02   0.01920
  50.20000 8.89872E+02 7.94468E+02   0.01891
  50.30000 8.79796E+02 7.86721E+02   0.01862
  50.40000 8.69969E+02 7.79156E+02   0.01834
  50.50000 8.60383E+02 7.71769E+02   0.01806
  50.60000 8.51032E+02 7.64553E+02   0.01778
  50.70000 8.41909E+02 7.57506E+02   0.01751
  50.80000 8.33008E+02 7.50622E+02   0.01724
  50.90000 8.24321E+02 7.43896E+02   0.01698
  51.00000 8.15843E+02 7.37325E+02   0.01672
  51.10000 8.07569E+02 7.30904E+02   0.01646
  51.20000 7.99492E+02 7.24630E+02   0.01621
  51.30000 7.91607E+02 7.18498E+02   0.01596
  51.40000 7.83909E+02 7.12506E+02   0.01571
  51.50000 7.76392E+02 7.06648E+02   0.01547
  51.60000 7.69052E+02 7.00922E+02   0.01523
  51.70000 7.61883E+02 6.95324E+02   0.01499
  51.80000 7.54881E+02 6.89851E+02   0.01476
  51.90000 7.48042E+02 6.84500E+02   0.01453
  52.00000 7.41360E+02 6.79267E+02   0.01430
  52.10000 7.34833E+02 6.74150E+02   0.01408
  52.20000 7.28455E+02 6.69145E+02   0.01386
  52.30000 7.22223E+02 6.64250E+02   0.01364
  52.40000 7.16133E+02 6.59462E+02   0.01343
  52.50000 7.10181E+02 6.54779E+02   0.01322
  52.60000 7.04364E+02 6.50197E+02   0.01301
  52.70000 6.98677E+02 6.45714E+02   0.01281
  52.80000 6.93118E+02 6.41328E+02   0.01261
  52.90000 6.87683E+02 6.37036E+02   0.01241
  53.00000 6.82370E+02 6.32836E+02   0.01221
  53.10000 6.77174E+02 6.28726E+02   0.01202
  53.20000 6.72093E+02 6.24704E+02   0.01183
  53.30000 6.67124E+02 6.20766E+02   0.01164
  53.40000 6.62264E+02 6.16913E+02   0.01146
  53.50000 6.57511E+02 6.13140E+02   0.01128
  53.60000 6.52861E+02 6.09447E+02   0.01110
  53.70000 6.48312E+02 6.05832E+02   0.01092
  53.80000 6.43862E+02 6.02292E+02   0.01075
  53.90000 6.39508E+02 5.98826E+02   0.01058
  54.00000 6.35248E+02 5.95432E+02   0.01041
  54.10000 6.31079E+02 5.92108E+02   0.01024
  54.20000 6.27000E+02 5.88853E+02   0.01008
  54.30000 6.23007E+02 5.85665E+02   0.00992
  54.40000 6.19100E+02 5.82543E+02   0.00976
  54.50000 6.15275E+02 5.79485E+02   0.00960
  54.60000 6.11531E+02 5.76489E+02   0.00945
  54.70000 6.07865E+02 5.73555E+02   0.00930
  54.80000 6.04277E+02 5.70680E+02   0.00915
  54.90000 6.00764E+02 5.67864E+02   0.00900
  55.00000 5.97325E+02 5.65105E+02   0.00885
  55.10000 5.93957E+02 5.62401E+02   0.00871
  55.20000 5.90659E+02 5.59752E+02   0.00857
  55.30000 5.87429E+02 5.57156E+02   0.00843
  55.40000 5.84266E+02 5.54612E+02   0.00830
  55.50000 5.81168E+02 5.52119E+02   0.00816
  55.60000 5.78133E+02 5.49676E+02   0.00803
  55.70000 5.75161E+02 5.47282E+02   0.00790
  55.80000 5.72250E+02 5.44935E+02   0.00777
  55.90000 5.69397E+02 5.42634E+02   0.00765
  56.00000 5.66603E+02 5.40379E+02   0.00752
  56.10000 5.63865E+02 5.38169E+02   0.00740
  56.20000 5.61183E+02 5.36002E+02   0.00728
  56.30000 5.58555E+02 5.33877E+02   0.00716
  56.40000 5.55980E+02 5.31794E+02   0.00705
  56.50000 5.53456E+02 5.29752E+02   0.00693
  56.60000 5.50983E+02 5.27750E+02   0.00682
  56.70000 5.48559E+02 5.25787E+02   0.00671
  56.80000 5.46184E+02 5.23862E+02   0.00660
  56.90000 5.43855E+02 5.21974E+02   0.00649
  57.00000 5.41573E+02 5.20123E+02   0.00638
  57.10000 5.39336E+02 5.18307E+02   0.00628
  57.20000 5.37143E+02 5.16527E+02   0.00618
  57.30000 5.34994E+02 5.14780E+02   0.00607
  57.40000 5.32887E+02 5.13068E+02   0.00598
  57.50000 5.30820E+02 5.11388E+02   0.00588
  57.60000 5.28795E+02 5.09740E+02   0.00578
  57.70000 5.26809E+02 5.08124E+02   0.00569
  57.80000 5.24861E+02 5.06539E+02   0.00559
  57.90000 5.22952E+02 5.04984E+02   0.00550
  58.00000 5.21079E+02 5.03458E+02   0.00541
  58.10000 5.19243E+02 5.01961E+02   0.00532
  58.20000 5.17443E+02 5.00493E+02   0.00523
  58.30000 5.15677E+02 4.99052E+02   0.00515
  58.40000 5.13945E+02 4.97639E+02   0.00506
  58.50000 5.12246E+02 4.96252E+02   0.00498
  58.60000 5.10580E+02 4.94891E+02   0.00490
  58.70000 5.08945E+02 4.93556E+02   0.00482
  58.80000 5.07342E+02 4.92246E+02   0.00474
  58.90000 5.05770E+02 4.90960E+02   0.00466
  59.00000 5.04227E+02 4.89698E+02   0.00458
  59.10000 5.02714E+02 4.88460E+02   0.00451
  59.20000 5.01230E+02 4.87245E+02   0.00443
  59.30000 4.99773E+02 4.86053E+02   0.00436
  59.40000 4.98345E+02 4.84883E+02   0.00428
  59.50000 4.96943E+02 4.83734E+02   0.00421
  59.60000 4.95567E+02 4.82607E+02   0.00414
  59.70000 4.94218E+02 4.81500E+02   0.00407
  59.80000 4.92893E+02 4.80414E+02   0.00401
  59.90000 4.91594E+02 4.79348E+02   0.00394
  60.00000 4.90319E+02 4.78302E+02   0.00388
  60.10000 4.89067E+02 4.77275E+02   0.00381
  60.20000 4.87839E+02 4.76267E+02   0.00375
  60.30000 4.86634E+02 4.75277E+02   0.00368
  60.40000 4.85452E+02 4.74306E+02   0.00362
  60.50000 4.84291E+02 4.73352E+02   0.00356
  60.60000 4.83152E+02 4.72415E+02   0.00350
  60.70000 4.82034E+02 4.71496E+02   0.00345
  60.80000 4.80936E+02 4.70594E+02   0.00339
  60.90000 4.79859E+02 4.69708E+02   0.00333
  61.00000 4.78802E+02 4.68838E+02   0.00328
  61.10000 4.77764E+02 4.67983E+02   0.00322
  61.20000 4.76745E+02 4.67145E+02   0.00317
  61.30000 4.75745E+02 4.66321E+02   0.00311
  61.40000 4.74764E+02 4.65513E+02   0.00306
  61.50000 4.73800E+02 4.64719E+02   0.00301
  61.60000 4.72854E+02 4.63939E+02   0.00296
  61.70000 4.71925E+02 4.63174E+02   0.00291
  61.80000 4.71013E+02 4.62422E+02   0.00286
  61.90000 4.70118E+02 4.61684E+02   0.00281
  62.00000 4.69239E+02 4.60959E+02   0.00277
  62.10000 4.68376E+02 4.60247E+02   0.00272
  62.20000 4.67529E+02 4.59548E+02   0.00267
  62.30000 4.66697E+02 4.58861E+02   0.00263
  62.40000 4.65880E+02 4.58187E+02   0.00259
  62.50000 4.65078E+02 4.57524E+02   0.00254
  62.60000 4.64290E+02 4.56874E+02   0.00250
  62.70000 4.63516E+02 4.56235E+02   0.00246
  62.80000 4.62757E+02 4.55607E+02   0.00242
  62.90000 4.62011E+02 4.54991E+02   0.00238
  63.00000 4.61279E+02 4.54386E+02   0.00234
  63.10000 4.60559E+02 4.53791E+02   0.00230
  63.20000 4.59853E+02 4.53207E+02   0.00226
  63.30000 4.59159E+02 4.52634E+02   0.00222
  63.40000 4.58478E+02 4.52070E+02   0.00218
  63.50000 4.57809E+02 4.51517E+02   0.00214
  63.60000 4.57152E+02 4.50973E+02   0.00211
  63.70000 4.56506E+02 4.50439E+02   0.00207
  63.80000 4.55872E+02 4.49914E+02   0.00204
  63.90000 4.55249E+02 4.49399E+02   0.00200
  64.00000 4.54638E+02 4.48892E+02   0.00197
  64.10000 4.54037E+02 4.48395E+02   0.00194
  64.20000 4.53447E+02 4.47906E+02   0.00190
  64.30000 4.52867E+02 4.47426E+02   0.00187
  64.40000 4.52298E+02 4.46954E+02   0.00184
  64.50000 4.51738E+02 4.46491E+02   0.00181
  64.60000 4.51189E+02 4.46036E+02   0.00178
  64.70000 4.50649E+02 4.45588E+02   0.00175
  64.80000 4.50119E+02 4.45149E+02   0.00172
  64.90000 4.49598E+02 4.44717E+02   0.00169
  65.00000 4.49086E+02 4.44293E+02   0.00166
  65.10000 4.48583E+02 4.43876E+02   0.00163
  65.20000 4.48089E+02 4.43466E+02   0.00160
  65.30000 4.47604E+02 4.43064E+02   0.00158
  65.40000 4.47127E+02 4.42668E+02   0.00155
  65.50000 4.46659E+02 4.42279E+02   0.00152
  65.60000 4.46198E+02 4.41898E+02   0.00150
  65.70000 4.45746E+02 4.41522E+02   0.00147
  65.80000 4.45302E+02 4.41153E+02   0.00145
  65.90000 4.44865E+02 4.40791E+02   0.00142
  66.00000 4.44436E+02 4.40435E+02   0.00140
  66.10000 4.44014E+02 4.40085E+02   0.00137
  66.20000 4.43600E+02 4.39741E+02   0.00135
  66.30000 4.43193E+02 4.39403E+02   0.00133
  66.40000 4.42793E+02 4.39071E+02   0.00130
  66.50000 4.42400E+02 4.38744E+02   0.00128
  66.60000 4.42013E+02 4.38423E+02   0.00126
  66.70000 4.41633E+02 4.38108E+02   0.00124
  66.80000 4.41260E+02 4.37798E+02   0.00122
  66.90000 4.40893E+02 4.37493E+02   0.00119
  67.00000 4.40533E+02 4.37193E+02   0.00117
  67.10000 4.40179E+02 4.36899E+02   0.00115
  67.20000 4.39831E+02 4.36610E+02   0.00113
  67.30000 4.39488E+02 4.36325E+02   0.00111
  67.40000 4.39152E+02 4.36046E+02   0.00109
  67.50000 4.38821E+02 4.35771E+02   0.00108
  67.60000 4.38496E+02 4.35500E+02   0.00106
  67.70000 4.38177E+02 4.35235E+02   0.00104
  67.80000 4.37863E+02 4.34974E+02   0.00102
  67.90000 4.37554E+02 4.34717E+02   0.00100
  68.00000 4.37251E+02 4.34465E+02   0.00099
  68.10000 4.36952E+02 4.34216E+02   0.00097
  68.20000 4.36659E+02 4.33972E+02   0.00095
  68.30000 4.36371E+02 4.33733E+02   0.00093
  68.40000 4.36087E+02 4.33497E+02   0.00092
  68.50000 4.35808E+02 4.33265E+02   0.00090
  68.60000 4.35534E+02 4.33037E+02   0.00089
  68.70000 4.35265E+02 4.32812E+02   0.00087
  68.80000 4.35000E+02 4.32592E+02   0.00086
  68.90000 4.34739E+02 4.32375E+02   0.00084
  69.00000 4.34483E+02 4.32162E+02   0.00083
  69.10000 4.34231E+02 4.31952E+02   0.00081
  69.20000 4.33983E+02 4.31746E+02   0.00080
  69.30000 4.33740E+02 4.31543E+02   0.00078
  69.40000 4.33500E+02 4.31344E+02   0.00077
  69.50000 4.33265E+02 4.31147E+02   0.00075
  69.60000 4.33033E+02 4.30955E+02   0.00074
  69.70000 4.32805E+02 4.30765E+02   0.00073
  69.80000 4.32581E+02 4.30578E+02   0.00071
  69.90000 4.32360E+02 4.30394E+02   0.00070
  70.00000 4.32143E+02 4.30214E+02   0.00069
  70.10000 4.31930E+02 4.30036E+02   0.00068
  70.20000 4.31720E+02 4.29861E+02   0.00066
  70.30000 4.31513E+02 4.29689E+02   0.00065
  70.40000 4.31310E+02 4.29520E+02   0.00064
  70.50000 4.31110E+02 4.29353E+02   0.00063
  70.60000 4.30913E+02 4.29189E+02   0.00062
  70.70000 4.30720E+02 4.29028E+02   0.00061
  70.80000 4.30529E+02 4.28869E+02   0.00059
  70.90000 4.30342E+02 4.28713E+02   0.00058
  71.00000 4.30157E+02 4.28559E+02   0.00057
  71.10000 4.29976E+02 4.28408E+02   0.00056
  71.20000 4.29797E+02 4.28259E+02   0.00055
  71.30000 4.29621E+02 4.28112E+02   0.00054
  71.40000 4.29448E+02 4.27968E+02   0.00053
  71.50000 4.29278E+02 4.27826E+02   0.00052
  71.60000 4.29110E+02 4.27686E+02   0.00051
  71.70000 4.28945E+02 4.27549E+02   0.00050
  71.80000 4.28782E+02 4.27413E+02   0.00049
  71.90000 4.28622E+02 4.27279E+02   0.00048
  72.00000 4.28464E+02 4.27148E+02   0.00047
  72.10000 4.28309E+02 4.27018E+02   0.00046
  72.20000 4.28156E+02 4.26891E+02   0.00046
  72.30000 4.28005E+02 4.26765E+02   0.00045
  72.40000 4.27857E+02 4.26642E+02   0.00044
  72.50000 4.27711E+02 4.26520E+02   0.00043
  72.60000 4.27567E+02 4.26400E+02   0.00042
  72.70000 4.27425E+02 4.26281E+02   0.00041
  72.80000 4.27285E+02 4.26165E+02   0.00040
  72.90000 4.27147E+02 4.26050E+02   0.00040
  73.00000 4.27012E+02 4.25937E+02   0.00039
  73.10000 4.26878E+02 4.25825E+02   0.00038
  73.20000 4.26746E+02 4.25715E+02   0.00037
  73.30000 4.26616E+02 4.25607E+02   0.00036
  73.40000 4.26488E+02 4.25500E+02   0.00036
  73.50000 4.26362E+02 4.25394E+02   0.00035
  73.60000 4.26237E+02 4.25290E+02   0.00034
  73.70000 4.26114E+02 4.25188E+02   0.00033
  73.80000 4.25993E+02 4.25087E+02   0.00033
  73.90000 4.25873E+02 4.24987E+02   0.00032
  74.00000 4.25756E+02 4.24889E+02   0.00031
  74.10000 4.25639E+02 4.24792E+02   0.00031
  74.20000 4.25524E+02 4.24696E+02   0.00030
  74.30000 4.25411E+02 4.24601E+02   0.00029
  74.40000 4.25299E+02 4.24508E+02   0.00029
  74.50000 4.25189E+02 4.24416E+02   0.00028
  74.60000 4.25080E+02 4.24325E+02   0.00027
  74.70000 4.24972E+02 4.24235E+02   0.00027
  74.80000 4.24866E+02 4.24147E+02   0.00026
  74.90000 4.24761E+02 4.24059E+02   0.00025
  75.00000 4.24658E+02 4.23972E+02   0.00025
  75.10000 4.24555E+02 4.23887E+02   0.00024
  75.20000 4.24454E+02 4.23802E+02   0.00024
  75.30000 4.24354E+02 4.23719E+02   0.00023
  75.40000 4.24255E+02 4.23636E+02   0.00022
  75.50000 4.24157E+02 4.23555E+02   0.00022
  75.60000 4.24061E+02 4.23474E+02   0.00021
  75.70000 4.23965E+02 4.23394E+02   0.00021
  75.80000 4.23871E+02 4.23316E+02   0.00020
  75.90000 4.23777E+02 4.23237E+02   0.00020
  76.00000 4.23685E+02 4.23160E+02   0.00019
  76.10000 4.23593E+02 4.23084E+02   0.00018
  76.20000 4.23503E+02 4.23008E+02   0.00018
  76.30000 4.23413E+02 4.22933E+02   0.00017
  76.40000 4.23324E+02 4.22859E+02   0.00017
  76.50000 4.23236E+02 4.22785E+02   0.00016
  76.60000 4.23149E+02 4.22713E+02   0.00016
  76.70000 4.23062E+02 4.22641E+02   0.00015
  76.80000 4.22977E+02 4.22569E+02   0.00015
  76.90000 4.22892E+02 4.22498E+02   0.00014
  77.00000 4.22808E+02 4.22428E+02   0.00014
  77.10000 4.22724E+02 4.22358E+02   0.00013
  77.20000 4.22642E+02 4.22289E+02   0.00013
  77.30000 4.22559E+02 4.22220E+02   0.00012
  77.40000 4.22478E+02 4.22152E+02   0.00012
  77.50000 4.22397E+02 4.22085E+02   0.00011
  77.60000 4.22317E+02 4.22018E+02   0.00011
  77.70000 4.22237E+02 4.21951E+02   0.00010
  77.80000 4.22158E+02 4.21885E+02   0.00010
  77.90000 4.22079E+02 4.21819E+02   0.00009
  78.00000 4.22000E+02 4.21754E+02   0.00009
  78.10000 4.21923E+02 4.21689E+02   0.00009
  78.20000 4.21845E+02 4.21624E+02   0.00008
  78.30000 4.21768E+02 4.21560E+02   0.00008
  78.40000 4.21692E+02 4.21496E+02   0.00007
  78.50000 4.21615E+02 4.21432E+02   0.00007
  78.60000 4.21539E+02 4.21368E+02   0.00006
  78.70000 4.21464E+02 4.21305E+02   0.00006
  78.80000 4.21389E+02 4.21242E+02   0.00005
  78.90000 4.21314E+02 4.21180E+02   0.00005
  79.00000 4.21239E+02 4.21117E+02   0.00004
  79.10000 4.21164E+02 4.21055E+02   0.00004
  79.20000 4.21090E+02 4.20993E+02   0.00004
  79.30000 4.21016E+02 4.20931E+02   0.00003
  79.40000 4.20942E+02 4.20869E+02   0.00003
  79.50000 4.20868E+02 4.20807E+02   0.00002
  79.60000 4.20794E+02 4.20746E+02   0.00002
  79.70000 4.20721E+02 4.20684E+02   0.00001
  79.80000 4.20647E+02 4.20623E+02   0.00001
  79.90000 4.20573E+02 4.20561E+02   0.00000
  80.00000 4.20500E+02 4.20500E+02   0.00000
