  -1.99999996447286        1.50000000000000     
  -1.89999996624922        1.47902213546318     
  -1.79999996802558        1.45804427092636     
  -1.69999996980193        1.43706640638954     
  -1.59999997157829        1.41608854185272     
  -1.49999997335465        1.39511067731590     
  -1.39999997513100        1.37413281277908     
  -1.29999997690736        1.35315494824226     
  -1.19999997868372        1.33217708370544     
  -1.09999998046008        1.31119921916862     
 -0.999999982236432        1.29022135463180     
 -0.899999984012789        1.26924349009498     
 -0.799999985789145        1.24826562555816     
 -0.699999987565502        1.22728776102135     
 -0.599999989341859        1.20630989648453     
 -0.499999991118216        1.18533203194771     
 -0.399999992894573        1.16435416741089     
 -0.299999994670930        1.14337630287407     
 -0.199999996447286        1.12239843833725     
 -9.999999822364318E-002   1.10142057380043     
   0.00000000000000        1.08044270926361     
  9.999999822364318E-002   1.07357594100212     
  0.199999996447286        1.06673930017639     
  0.299999994670930        1.05995015714380     
  0.399999992894573        1.05322787142770     
  0.499999991118216        1.04659204283639     
  0.599999989341859        1.04006107915414     
  0.699999987565502        1.03365114356967     
  0.799999985789145        1.02737548213213     
  0.899999984012789        1.02124409122794     
  0.999999982236432        1.01526366359756     
   1.09999998046008        1.00943774416801     
   1.19999997868372        1.00376702942452     
   1.29999997690736       0.998249752256891     
   1.39999997513100       0.992882105134607     
   1.49999997335465       0.987658665931658     
   1.59999997157829       0.982572801375384     
   1.69999996980193       0.977617032202065     
   1.79999996802558       0.972783351389758     
   1.89999996624922       0.968063492325704     
   1.99999996447286       0.963449147642334     
   2.09999996269651       0.958932141991698     
   2.19999996092015       0.954504563510126     
   2.29999995914379       0.950158859421272     
   2.39999995736744       0.945887901367628     
   2.49999995559108       0.941685025835528     
   2.59999995381472       0.937544054591126     
   2.69999995203837       0.933459299481382     
   2.79999995026201       0.929425555349459     
   2.89999994848565       0.925438084217830     
   2.99999994670930       0.921492593335531     
   3.09999994493294       0.917585209185250     
   3.19999994315658       0.913712449108596     
   3.29999994138023       0.909871191834743     
   3.39999993960387       0.906058647885603     
   3.49999993782751       0.902272330574247     
   3.59999993605115       0.898510028106070     
   3.69999993427480       0.894769777127288     
   3.79999993249844       0.891049837936318     
   3.89999993072208       0.887348671474323     
   3.99999992894573       0.883664918136338     
   4.09999992716937       0.879997378389213     
   4.19999992539301       0.876344995143193     
   4.29999992361666       0.872706837796866     
   4.39999992184030       0.869082087857767     
   4.49999992006394       0.865470026030794     
   4.59999991828759       0.861870020662026     
   4.69999991651123       0.858281517424990     
   4.79999991473487       0.854704030138859     
   4.89999991295852       0.851137132612465     
   4.99999991118216       0.847580451413766     
   5.09999990940580       0.844033659471002     
   5.19999990762945       0.840496470418684     
   5.29999990585309       0.836968633608701     
   5.39999990407673       0.833449929713745     
   5.49999990230037       0.829940166857081     
   5.59999990052402       0.826439177208994     
   5.69999989874766       0.822946813996340     
   5.79999989697130       0.819462948877112     
   5.89999989519495       0.815987469637139     
   5.99999989341859       0.812520278170636     
   6.09999989164223       0.809061288710644     
   6.19999988986588       0.805610426279200     
   6.29999988808952       0.802167625330558     
   6.39999988631316       0.798732828563868     
   6.49999988453681       0.795305985884514     
   6.59999988276045       0.791887053495751     
   6.69999988098409       0.788475993104517     
   6.79999987920774       0.785072771227208     
   6.89999987743138       0.781677358582949     
   6.99999987565502       0.778289729563413     
   7.09999987387867       0.774909861769600     
   7.19999987210231       0.771537735607139     
   7.29999987032595       0.768173333932757     
   7.39999986854960       0.764816641745462     
   7.49999986677324       0.761467645916783     
   7.59999986499688       0.758126334955137     
   7.69999986322053       0.754792698800006     
   7.79999986144417       0.751466728642130     
   7.89999985966781       0.748148416766447     
   7.99999985789145       0.744837756414868     
   8.09999985611510       0.741534741666397     
   8.19999985433874       0.738239367332373     
   8.29999985256238       0.734951628864936     
   8.39999985078603       0.731671522277022     
   8.49999984900967       0.728399044072443     
   8.59999984723331       0.725134191184758     
   8.69999984545696       0.721876960923831     
   8.79999984368060       0.718627350929104     
   8.89999984190424       0.715385359128725     
   8.99999984012789       0.712150983703801     
   9.09999983835153       0.708924223057124     
   9.19999983657517       0.705705075785804     
   9.29999983479882       0.702493540657324     
   9.39999983302246       0.699289616588568     
   9.49999983124610       0.696093302627479     
   9.59999982946974       0.692904597936974     
   9.69999982769339       0.689723501780874     
   9.79999982591703       0.686550013511571     
   9.89999982414068       0.683384132559218     
   9.99999982236432       0.680225858422264     
   10.0999998205880       0.677075190659144     
   10.1999998188116       0.673932128881006     
   10.2999998170352       0.670796672745321     
   10.3999998152589       0.667668821950284     
   10.4999998134825       0.664548576229901     
   10.5999998117062       0.661435935349673     
   10.6999998099298       0.658330899102811     
   10.7999998081535       0.655233467306910     
   10.8999998063771       0.652143639801030     
   10.9999998046007       0.649061416443130     
   11.0999998028244       0.645986797107813     
   11.1999998010480       0.642919781684346     
   11.2999997992717       0.639860370074915     
   11.3999997974953       0.636808562193096     
   11.4999997957190       0.633764357962507     
   11.5999997939426       0.630727757315618     
   11.6999997921663       0.627698760192714     
   11.7999997903899       0.624677366540972     
   11.8999997886135       0.621663576313650     
   11.9999997868372       0.618657389469382     
   12.0999997850608       0.615658805971542     
   12.1999997832845       0.612667825787696     
   12.2999997815081       0.609684448889111     
   12.3999997797318       0.606708675250329     
   12.4999997779554       0.603740504848784     
   12.5999997761790       0.600779937664467     
   12.6999997744027       0.597826973679637     
   12.7999997726263       0.594881612878550     
   12.8999997708500       0.591943855247240     
   12.9999997690736       0.589013700773308     
   13.0999997672973       0.586091149445743     
   13.1999997655209       0.583176201254769     
   13.2999997637445       0.580268856191699     
   13.3999997619682       0.577369114248814     
   13.4999997601918       0.574476975419251     
   13.5999997584155       0.571592439696908     
   13.6999997566391       0.568715507076358     
   13.7999997548628       0.565846177552772     
   13.8999997530864       0.562984451121852     
   13.9999997513100       0.560130327779773     
   14.0999997495337       0.557283807523127     
   14.1999997477573       0.554444890348881     
   14.2999997459810       0.551613576254329     
   14.3999997442046       0.548789865237061     
   14.4999997424283       0.545973757294928     
   14.5999997406519       0.543165252426015     
   14.6999997388755       0.540364350628611     
   14.7999997370992       0.537571051901190     
   14.8999997353228       0.534785356242391     
   14.9999997335465       0.532007263650998     
   15.0999997317701       0.529236774125923     
   15.1999997299938       0.526473887666197     
   15.2999997282174       0.523718604270951     
   15.3999997264411       0.520970923939410     
   15.4999997246647       0.518230846670880     
   15.5999997228883       0.515498372464740     
   15.6999997211120       0.512773501320434     
   15.7999997193356       0.510056233237464     
   15.8999997175593       0.507346568215385     
   15.9999997157829       0.504644506253796     
   16.0999997140066       0.501950047352338     
   16.1999997122302       0.499263191510690     
   16.2999997104538       0.496583938728563     
   16.3999997086775       0.493912289005697     
   16.4999997069011       0.491248242341857     
   16.5999997051248       0.488591798736835     
   16.6999997033484       0.485942958190440     
   16.7999997015721       0.483301720702500     
   16.8999996997957       0.480668086272863     
   16.9999996980193       0.478042054901386     
   17.0999996962430       0.475423626587943     
   17.1999996944666       0.472812801332417     
   17.2999996926903       0.470209579134705     
   17.3999996909139       0.467613959994709     
   17.4999996891376       0.465025943912340     
   17.5999996873612       0.462445530887517     
   17.6999996855848       0.459872720920164     
   17.7999996838085       0.457307514010209     
   17.8999996820321       0.454749910157587     
   17.9999996802558       0.452199909362234     
   18.0999996784794       0.449657511624091     
   18.1999996767031       0.447122716943099     
   18.2999996749267       0.444595525319204     
   18.3999996731503       0.442075936752349     
   18.4999996713740       0.439563951242483     
   18.5999996695976       0.437059568789549     
   18.6999996678213       0.434562789393494     
   18.7999996660449       0.432073613054262     
   18.8999996642686       0.429592039771797     
   18.9999996624922       0.427118069546040     
   19.0999996607158       0.424651702376929     
   19.1999996589395       0.422192938264399     
   19.2999996571631       0.419741777208384     
   19.3999996553868       0.417298219208811     
   19.4999996536104       0.414862264265603     
   19.5999996518341       0.412433912378677     
   19.6999996500577       0.410013163547946     
   19.7999996482814       0.407600017773313     
   19.8999996465050       0.405194475054676     
   19.9999996447286       0.402796535391923     
   20.0999996429523       0.400406198784933     
   20.1999996411759       0.398023465233576     
   20.2999996393996       0.395648334737709     
   20.3999996376232       0.393280807297178     
   20.4999996358469       0.390920882911814     
   20.5999996340705       0.388568561581435     
   20.6999996322941       0.386223843305840     
   20.7999996305178       0.383886728084814     
   20.8999996287414       0.381557215918120     
   20.9999996269651       0.379235306805501     
   21.0999996251887       0.376921000746677     
   21.1999996234124       0.374614297741343     
   21.2999996216360       0.372315197789166     
   21.3999996198596       0.370023700889787     
   21.4999996180833       0.367739807042811     
   21.5999996163069       0.365463516247809     
   21.6999996145306       0.363194828504318     
   21.7999996127542       0.360933743811828     
   21.8999996109779       0.358680262169791     
   21.9999996092015       0.356434383577607     
   22.0999996074251       0.354196108034624     
   22.1999996056488       0.351965435540134     
   22.2999996038724       0.349742366093370     
   22.3999996020961       0.347526899693496     
   22.4999996003197       0.345319036339606     
   22.5999995985434       0.343118776030715     
   22.6999995967670       0.340926118765756     
   22.7999995949906       0.338741064543569     
   22.8999995932143       0.336563613362901     
   22.9999995914379       0.334393765222386     
   23.0999995896616       0.332231520120550     
   23.1999995878852       0.330076878055792     
   23.2999995861089       0.327929839026380     
   23.3999995843325       0.325790403030437     
   23.4999995825561       0.323658570065932     
   23.5999995807798       0.321534340130666     
   23.6999995790034       0.319417713222261     
   23.7999995772271       0.317308689338143     
   23.8999995754507       0.315207268475532     
   23.9999995736744       0.313113450631420     
   24.0999995718980       0.311027235802558     
   24.1999995701217       0.308948623985436     
   24.2999995683453       0.306877615176264     
   24.3999995665689       0.304814209370951     
   24.4999995647926       0.302758406565078     
   24.5999995630162       0.300710206753882     
   24.6999995612399       0.298669609932221     
   24.7999995594635       0.296636616094556     
   24.8999995576872       0.294611225234910     
   24.9999995559108       0.292593437346848     
   25.0999995541344       0.290583252423433     
   25.1999995523581       0.288580670457198     
   25.2999995505817       0.286585691440100     
   25.3999995488054       0.284598315363487     
   25.4999995470290       0.282618542218047     
   25.5999995452527       0.280646371993763     
   25.6999995434763       0.278681804679866     
   25.7999995416999       0.276724840264780     
   25.8999995399236       0.274775478736063     
   25.9999995381472       0.272833720080351     
   26.0999995363709       0.270899564283291     
   26.1999995345945       0.268973011329471     
   26.2999995328182       0.267054061202352     
   26.3999995310418       0.265142713884189     
   26.4999995292654       0.263238969355945     
   26.5999995274891       0.261342827597210     
   26.6999995257127       0.259454288586102     
   26.7999995239364       0.257573352299176     
   26.8999995221600       0.255700018711310     
   26.9999995203837       0.253834287795603     
   27.0999995186073       0.251976159523254     
   27.1999995168309       0.250125633863434     
   27.2999995150546       0.248282710783161     
   27.3999995132782       0.246447390247152     
   27.4999995115019       0.244619672217684     
   27.5999995097255       0.242799556654427     
   27.6999995079492       0.240987043514287     
   27.7999995061728       0.239182132751223     
   27.8999995043964       0.237384824316068     
   27.9999995026201       0.235595118156326     
   28.0999995008437       0.233813014215970     
   28.1999994990674       0.232038512435220     
   28.2999994972910       0.230271612750312     
   28.3999994955147       0.228512315093256     
   28.4999994937383       0.226760619391573     
   28.5999994919619       0.225016525568028     
   28.6999994901856       0.223280033540345     
   28.7999994884092       0.221551143220897     
   28.8999994866329       0.219829854516396     
   28.9999994848565       0.218116167327555     
   29.0999994830802       0.216410081548734     
   29.1999994813038       0.214711597067572     
   29.2999994795275       0.213020713764594     
   29.3999994777511       0.211337431512799     
   29.4999994759747       0.209661750177236     
   29.5999994741984       0.207993669614542     
   29.6999994724220       0.206333189672472     
   29.7999994706457       0.204680310189395     
   29.8999994688693       0.203035030993775     
   29.9999994670930       0.201397351903616     
   30.0999994653166       0.199767272725887     
   30.1999994635402       0.198144793255918     
   30.2999994617639       0.196529913276766     
   30.3999994599875       0.194922632558553     
   30.4999994582112       0.193322950857769     
   30.5999994564348       0.191730867916549     
   30.6999994546585       0.190146383461907     
   30.7999994528821       0.188569497204950     
   30.8999994511057       0.187000208840038     
   30.9999994493294       0.185438518043922     
   31.0999994475530       0.183884424474837     
   31.1999994457767       0.182337927771554     
   31.2999994440003       0.180799027552394     
   31.3999994422240       0.179267723414199     
   31.4999994404476       0.177744014931256     
   31.5999994386712       0.176227901654184     
   31.6999994368949       0.174719383108761     
   31.7999994351185       0.173218458794715     
   31.8999994333422       0.171725128184464     
   31.9999994315658       0.170239390721797     
   32.0999994297895       0.168761245820508     
   32.1999994280131       0.167290692862980     
   32.2999994262367       0.165827731198709     
   32.3999994244604       0.164372360142766     
   32.4999994226840       0.162924578974215     
   32.5999994209077       0.161484386934454     
   32.6999994191313       0.160051783225513     
   32.7999994173550       0.158626767008269     
   32.8999994155786       0.157209337400617     
   32.9999994138023       0.155799493475559     
   33.0999994120259       0.154397234259235     
   33.1999994102495       0.153002558728886     
   33.2999994084732       0.151615465810738     
   33.3999994066968       0.150235954377826     
   33.4999994049205       0.148864023247737     
   33.5999994031441       0.147499671180284     
   33.6999994013678       0.146142896875103     
   33.7999993995914       0.144793698969170     
   33.8999993978150       0.143452076034250     
   33.9999993960387       0.142118026574253     
   34.0999993942623       0.140791549022526     
   34.1999993924860       0.139472641739049     
   34.2999993907096       0.138161303007560     
   34.3999993889333       0.136857531032593     
   34.4999993871569       0.135561323936430     
   34.5999993853805       0.134272679755972     
   34.6999993836042       0.132991596439528     
   34.7999993818278       0.131718071843506     
   34.8999993800515       0.130452103729033     
   34.9999993782751       0.129193689758478     
   35.0999993764988       0.127942827491894     
   35.1999993747224       0.126699514383367     
   35.2999993729460       0.125463747777282     
   35.3999993711697       0.124235524904503     
   35.4999993693933       0.123014842878463     
   35.5999993676170       0.121801698691165     
   35.6999993658406       0.120596089209106     
   35.7999993640643       0.119398011169102     
   35.8999993622879       0.118207461174041     
   35.9999993605115       0.117024435688542     
   36.0999993587352       0.115848931034535     
   36.1999993569588       0.114680943386760     
   36.2999993551825       0.113520468768181     
   36.3999993534061       0.112367503045323     
   36.4999993516298       0.111222041923533     
   36.5999993498534       0.110084080942160     
   36.6999993480770       0.108953615469669     
   36.7999993463007       0.107830640698670     
   36.8999993445243       0.106715151640895     
   36.9999993427480       0.105607143122090     
   37.0999993409716       0.104506609776855     
   37.1999993391953       0.103413546043417     
   37.2999993374189       0.102327946158347     
   37.3999993356425       0.101249804151217     
   37.4999993338662       0.100179113839212     
   37.5999993320898       9.911586882168792E-002
   37.6999993303135       9.806006247468652E-002
   37.7999993285371       9.701168794541208E-002
   37.8999993267608       9.597073814666927E-002
   37.9999993249844       9.493720575126878E-002
   38.0999993232081       9.391108318640734E-002
   38.1999993214317       9.289236262802333E-002
   38.2999993196553       9.188103599513528E-002
   38.3999993178790       9.087709494416729E-002
   38.4999993161026       8.988053086326661E-002
   38.5999993143263       8.889133486661954E-002
   38.6999993125499       8.790949778877033E-002
   38.7999993107736       8.693501017894903E-002
   38.8999993089972       8.596786229541474E-002
   38.9999993072208       8.500804409981928E-002
   39.0999993054445       8.405554525159824E-002
   39.1999993036681       8.311035510239555E-002
   39.2999993018918       8.217246269052705E-002
   39.3999993001154       8.124185673549154E-002
   39.4999992983391       8.031852563253368E-002
   39.5999992965627       7.940245744726653E-002
   39.6999992947863       7.849363991036129E-002
   39.7999992930100       7.759206041230939E-002
   39.8999992912336       7.669770599826488E-002
   39.9999992894573       7.581056336297458E-002
   40.0999992876809       7.493061884580138E-002
   40.1999992859046       7.405785842584960E-002
   40.2999992841282       7.319226771719799E-002
   40.3999992823518       7.233383196424849E-002
   40.4999992805755       7.148253603719701E-002
   40.5999992787991       7.063836442763378E-002
   40.6999992770228       6.980130124428023E-002
   40.7999992752464       6.897133020886853E-002
   40.8999992734701       6.814843465217250E-002
   40.9999992716937       6.733259751019456E-002
   41.0999992699173       6.652380132051684E-002
   41.1999992681410       6.572202821882261E-002
   41.2999992663646       6.492725993559464E-002
   41.3999992645883       6.413947779299665E-002
   41.4999992628119       6.335866270194415E-002
   41.5999992610356       6.258479515937118E-002
   41.6999992592592       6.181785524569779E-002
   41.7999992574829       6.105782262250504E-002
   41.8999992557065       6.030467653042270E-002
   41.9999992539301       5.955839578723428E-002
   42.0999992521538       5.881895878620554E-002
   42.1999992503774       5.808634349464034E-002
   42.2999992486011       5.736052745266900E-002
   42.3999992468247       5.664148777227342E-002
   42.4999992450484       5.592920113655254E-002
   42.5999992432720       5.522364379923268E-002
   42.6999992414956       5.452479158442534E-002
   42.7999992397193       5.383261988663668E-002
   42.8999992379429       5.314710367103028E-002
   42.9999992361666       5.246821747394705E-002
   43.0999992343902       5.179593540368346E-002
   43.1999992326139       5.113023114153065E-002
   43.2999992308375       5.047107794307555E-002
   43.3999992290611       4.981844863976567E-002
   43.4999992272848       4.917231564073784E-002
   43.5999992255084       4.853265093491214E-002
   43.6999992237321       4.789942609335052E-002
   43.7999992219557       4.727261227188039E-002
   43.8999992201794       4.665218021398250E-002
   43.9999992184030       4.603810025394197E-002
   44.0999992166266       4.543034232026178E-002
   44.1999992148503       4.482887593933659E-002
   44.2999992130739       4.423367023938508E-002
   44.3999992112976       4.364469395463874E-002
   44.4999992095212       4.306191542978424E-002
   44.5999992077449       4.248530262465621E-002
   44.6999992059685       4.191482311917773E-002
   44.7999992041921       4.135044411854406E-002
   44.8999992024158       4.079213245864631E-002
   44.9999992006394       4.023985461173041E-002
   45.0999991988631       3.969357669228679E-002
   45.1999991970867       3.915326446316592E-002
   45.2999991953104       3.861888334191468E-002
   45.3999991935340       3.809039840732766E-002
   45.4999991917576       3.756777440620812E-002
   45.5999991899813       3.705097576033236E-002
   45.6999991882049       3.653996657361106E-002
   45.7999991864286       3.603471063944163E-002
   45.8999991846522       3.553517144824433E-002
   45.9999991828759       3.504131219517555E-002
   46.0999991810995       3.455309578801096E-002
   46.1999991793232       3.407048485519149E-002
   46.2999991775468       3.359344175402427E-002
   46.3999991757704       3.312192857903110E-002
   46.4999991739941       3.265590717043697E-002
   46.5999991722177       3.219533912279020E-002
   46.6999991704414       3.174018579370663E-002
   46.7999991686650       3.129040831272937E-002
   46.8999991668887       3.084596759029640E-002
   46.9999991651123       3.040682432680728E-002
   47.0999991633359       2.997293902178093E-002
   47.1999991615596       2.954427198309607E-002
   47.2999991597832       2.912078333630597E-002
   47.3999991580069       2.870243303401904E-002
   47.4999991562305       2.828918086533692E-002
   47.5999991544542       2.788098646534171E-002
   47.6999991526778       2.747780932462398E-002
   47.7999991509014       2.707960879884324E-002
   47.8999991491251       2.668634411831273E-002
   47.9999991473487       2.629797439760017E-002
   48.0999991455724       2.591445864513655E-002
   48.1999991437960       2.553575577282488E-002
   48.2999991420197       2.516182460564101E-002
   48.3999991402433       2.479262389121871E-002
   48.4999991384669       2.442811230941145E-002
   48.5999991366906       2.406824848182314E-002
   48.6999991349142       2.371299098130088E-002
   48.7999991331379       2.336229834138179E-002
   48.8999991313615       2.301612906568769E-002
   48.9999991295852       2.267444163726010E-002
   49.0999991278088       2.233719452782904E-002
   49.1999991260324       2.200434620700933E-002
   49.2999991242561       2.167585515141760E-002
   49.3999991224797       2.135167985370427E-002
   49.4999991207034       2.103177883149442E-002
   49.5999991189270       2.071611063623156E-002
   49.6999991171507       2.040463386191942E-002
   49.7999991153743       2.009730715375562E-002
   49.8999991135979       1.979408921665285E-002
   49.9999991118216       1.949493882364223E-002
   50.0999991100452       1.919981482415451E-002
   50.1999991082689       1.890867615217438E-002
   50.2999991064925       1.862148183426403E-002
   50.3999991047162       1.833819099745173E-002
   50.4999991029398       1.805876287698178E-002
   50.5999991011634       1.778315682392242E-002
   50.6999990993871       1.751133231262822E-002
   50.7999990976107       1.724324894805402E-002
   50.8999990958344       1.697886647291759E-002
   50.9999990940580       1.671814477470827E-002
   51.0999990922817       1.646104389253945E-002
   51.1999990905053       1.620752402384236E-002
   51.2999990887290       1.595754553089954E-002
   51.3999990869526       1.571106894721605E-002
   51.4999990851762       1.546805498372700E-002
   51.5999990833999       1.522846453483992E-002
   51.6999990816235       1.499225868431103E-002
   51.7999990798472       1.475939871095430E-002
   51.8999990780708       1.452984609418271E-002
   51.9999990762945       1.430356251938101E-002
   52.0999990745181       1.408050988310974E-002
   52.1999990727417       1.386065029814031E-002
   52.2999990709654       1.364394609832097E-002
   52.3999990691890       1.343035984327405E-002
   52.4999990674127       1.321985432292468E-002
   52.5999990656363       1.301239256186137E-002
   52.6999990638600       1.280793782352927E-002
   52.7999990620836       1.260645361425673E-002
   52.8999990603072       1.240790368711622E-002
   52.9999990585309       1.221225204562042E-002
   53.0999990567545       1.201946294725501E-002
   53.1999990549782       1.182950090684914E-002
   53.2999990532018       1.164233069978520E-002
   53.3999990514255       1.145791736504936E-002
   53.4999990496491       1.127622620812451E-002
   53.5999990478727       1.109722280372746E-002
   53.6999990460964       1.092087299839205E-002
   53.7999990443200       1.074714291290026E-002
   53.8999990425437       1.057599894456334E-002
   53.9999990407673       1.040740776935493E-002
   54.0999990389910       1.024133634389848E-002
   54.1999990372146       1.007775190731115E-002
   54.2999990354382       9.916621982906491E-003
   54.3999990336619       9.757914379758318E-003
   54.4999990318855       9.601597194128151E-003
   54.5999990301092       9.447638810758727E-003
   54.6999990283328       9.296007904036074E-003
   54.7999990265565       9.146673439022694E-003
   54.8999990247801       8.999604672364542E-003
   54.9999990230038       8.854771153074247E-003
   55.0999990212274       8.712142723193379E-003
   55.1999990194510       8.571689518336397E-003
   55.2999990176747       8.433381968118920E-003
   55.3999990158983       8.297190796473062E-003
   55.4999990141220       8.163087021852608E-003
   55.5999990123456       8.031041957330610E-003
   55.6999990105693       7.901027210592305E-003
   55.7999990087929       7.773014683825962E-003
   55.8999990070165       7.646976573514474E-003
   55.9999990052402       7.522885370130357E-003
   56.0999990034638       7.400713857736909E-003
   56.1999990016875       7.280435113498234E-003
   56.2999989999111       7.162022507100851E-003
   56.3999989981348       7.045449700089503E-003
   56.4999989963584       6.930690645119882E-003
   56.5999989945820       6.817719585130926E-003
   56.6999989928057       6.706511052439250E-003
   56.7999989910293       6.597039867758368E-003
   56.8999989892530       6.489281139145221E-003
   56.9999989874766       6.383210260876613E-003
   57.0999989857003       6.278802912258029E-003
   57.1999989839239       6.176035056367311E-003
   57.2999989821475       6.074882938735698E-003
   57.3999989803712       5.975323085968580E-003
   57.4999989785948       5.877332304308374E-003
   57.5999989768185       5.780887678141907E-003
   57.6999989750421       5.685966568454562E-003
   57.7999989732658       5.592546611233468E-003
   57.8999989714894       5.500605715822005E-003
   57.9999989697130       5.410122063227778E-003
   58.0999989679367       5.321074104386240E-003
   58.1999989661603       5.233440558382047E-003
   58.2999989643840       5.147200410630270E-003
   58.3999989626076       5.062332911019435E-003
   58.4999989608313       4.978817572018416E-003
   58.5999989590549       4.896634166749148E-003
   58.6999989572785       4.815762727027008E-003
   58.7999989555022       4.736183541370759E-003
   58.8999989537258       4.657877152983889E-003
   58.9999989519495       4.580824357709114E-003
   59.0999989501731       4.505006201957768E-003
   59.1999989483968       4.430403980615779E-003
   59.2999989466204       4.356999234927865E-003
   59.3999989448441       4.284773750361627E-003
   59.4999989430677       4.213709554452998E-003
   59.5999989412913       4.143788914634652E-003
   59.6999989395150       4.074994336048848E-003
   59.7999989377386       4.007308559346079E-003
   59.8999989359623       3.940714558471052E-003
   59.9999989341859       3.875195538437246E-003
   60.0999989324096       3.810734933091401E-003
   60.1999989306332       3.747316402869268E-003
   60.2999989288568       3.684923832543790E-003
   60.3999989270805       3.623541328966963E-003
   60.4999989253041       3.563153218806523E-003
   60.5999989235278       3.503744046278595E-003
   60.6999989217514       3.445298570877391E-003
   60.7999989199751       3.387801765103003E-003
   60.8999989181987       3.331238812188328E-003
   60.9999989164223       3.275595103826084E-003
   61.0999989146460       3.220856237896891E-003
   61.1999989128696       3.167008016199306E-003
   61.2999989110933       3.114036442182695E-003
   61.3999989093169       3.061927718683835E-003
   61.4999989075406       3.010668245667972E-003
   61.5999989057642       2.960244617975218E-003
   61.6999989039878       2.910643623072967E-003
   61.7999989022115       2.861852238815079E-003
   61.8999989004351       2.813857631208551E-003
   61.9999988986588       2.766647152188276E-003
   62.0999988968824       2.720208337400588E-003
   62.1999988951061       2.674528903996178E-003
   62.2999988933297       2.629596748432941E-003
   62.3999988915533       2.585399944289347E-003
   62.4999988897770       2.541926740088835E-003
   62.5999988880006       2.499165557135757E-003
   62.6999988862243       2.457104987363321E-003
   62.7999988844479       2.415733791194025E-003
   62.8999988826716       2.375040895412990E-003
   62.9999988808952       2.335015391054603E-003
   63.0999988791188       2.295646531302870E-003
   63.1999988773425       2.256923729405840E-003
   63.2999988755661       2.218836556604431E-003
   63.3999988737898       2.181374740076012E-003
   63.4999988720134       2.144528160893026E-003
   63.5999988702371       2.108286851996930E-003
   63.6999988684607       2.072640996187766E-003
   63.7999988666843       2.037580924129555E-003
   63.8999988649080       2.003097112371791E-003
   63.9999988631316       1.969180181387220E-003
   64.0999988613553       1.935820893626133E-003
   64.1999988595789       1.903010151587339E-003
   64.2999988578026       1.870738995905975E-003
   64.3999988560262       1.838998603458337E-003
   64.4999988542499       1.807780285483847E-003
   64.5999988524735       1.777075485724290E-003
   64.6999988506971       1.746875778580436E-003
   64.7999988489208       1.717172867286132E-003
   64.8999988471444       1.687958582099978E-003
   64.9999988453681       1.659224878514625E-003
   65.0999988435917       1.630963835483793E-003
   65.1999988418154       1.603167653667038E-003
   65.2999988400390       1.575828653692315E-003
   65.3999988382626       1.548939274436370E-003
   65.4999988364863       1.522492071322991E-003
   65.5999988347099       1.496479714639096E-003
   65.6999988329336       1.470894987868704E-003
   65.7999988311572       1.445730786044749E-003
   65.8999988293809       1.420980114118736E-003
   65.9999988276045       1.396636085348209E-003
   66.0999988258281       1.372691919702009E-003
   66.1999988240518       1.349140942283267E-003
   66.2999988222754       1.325976581770105E-003
   66.3999988204991       1.303192368873969E-003
   66.4999988187227       1.280781934815566E-003
   66.5999988169464       1.258739009818298E-003
   66.6999988151700       1.237057421619164E-003
   66.7999988133936       1.215731093997011E-003
   66.8999988116173       1.194754045318089E-003
   66.9999988098409       1.174120387098794E-003
   67.0999988080646       1.153824322585520E-003
   67.1999988062882       1.133860145351504E-003
   67.2999988045119       1.114222237910599E-003
   67.3999988027355       1.094905070347819E-003
   67.4999988009591       1.075903198966588E-003
   67.5999987991828       1.057211264952543E-003
   67.6999987974064       1.038823993053810E-003
   67.7999987956301       1.020736190277594E-003
   67.8999987938537       1.002942744602985E-003
   67.9999987920774       9.854386237098365E-004
   68.0999987903010       9.682188737235967E-004
   68.1999987885247       9.512786179759529E-004
   68.2999987867483       9.346130557811497E-004
   68.3999987849719       9.182174612278538E-004
   68.4999987831956       9.020871819864130E-004
   68.5999987814192       8.862176381313770E-004
   68.6999987796429       8.706043209791255E-004
   68.7999987778665       8.552427919404706E-004
   68.8999987760902       8.401286813880700E-004
   68.9999987743138       8.252576875385161E-004
   69.0999987725374       8.106255753489420E-004
   69.1999987707611       7.962281754279952E-004
   69.2999987689847       7.820613829610294E-004
   69.3999987672084       7.681211566493514E-004
   69.4999987654320       7.544035176633778E-004
   69.5999987636556       7.409045486095446E-004
   69.6999987618793       7.276203925108067E-004
   69.7999987601029       7.145472518005777E-004
   69.8999987583266       7.016813873299496E-004
   69.9999987565502       6.890191173880364E-004
   70.0999987547739       6.765568167352792E-004
   70.1999987529975       6.642909156495600E-004
   70.2999987512212       6.522178989849627E-004
   70.3999987494448       6.403343052430228E-004
   70.4999987476684       6.286367256563058E-004
   70.5999987458921       6.171218032841607E-004
   70.6999987441157       6.057862321204830E-004
   70.7999987423394       5.946267562133340E-004
   70.8999987405630       5.836401687962559E-004
   70.9999987387867       5.728233114311249E-004
   71.0999987370103       5.621730731623850E-004
   71.1999987352339       5.516863896825059E-004
   71.2999987334576       5.413602425085027E-004
   71.3999987316812       5.311916581693738E-004
   71.4999987299049       5.211777074042801E-004
   71.5999987281285       5.113155043713349E-004
   71.6999987263522       5.016022058668267E-004
   71.7999987245758       4.920350105547362E-004
   71.8999987227995       4.826111582063857E-004
   71.9999987210231       4.733279289500699E-004
   72.0999987192467       4.641826425305161E-004
   72.1999987174704       4.551726575780221E-004
   72.2999987156940       4.462953708871185E-004
   72.3999987139177       4.375482167046074E-004
   72.4999987121413       4.289286660268283E-004
   72.5999987103649       4.204342259059982E-004
   72.6999987085886       4.120624387654846E-004
   72.7999987068122       4.038108817238560E-004
   72.8999987050359       3.956771659275718E-004
   72.9999987032595       3.876589358921596E-004
   73.0999987014832       3.797538688517378E-004
   73.1999986997068       3.719596741167413E-004
   73.2999986979304       3.642740924397005E-004
   73.3999986961541       3.566948953889425E-004
   73.4999986943777       3.492198847300623E-004
   73.5999986926014       3.418468918150289E-004
   73.6999986908250       3.345737769787873E-004
   73.7999986890487       3.273984289432143E-004
   73.8999986872723       3.203187642282950E-004
   73.9999986854960       3.133327265703758E-004
   74.0999986837196       3.064382863473676E-004
   74.1999986819432       2.996334400107549E-004
   74.2999986801669       2.929162095242812E-004
   74.3999986783905       2.862846418091764E-004
   74.4999986766142       2.797368081957939E-004
   74.5999986748378       2.732708038815235E-004
   74.6999986730615       2.668847473948524E-004
   74.7999986712851       2.605767800654417E-004
   74.8999986695087       2.543450655000899E-004
   74.9999986677324       2.481877890644550E-004
   75.0999986659560       2.421031573704081E-004
   75.1999986641797       2.360893977688897E-004
   75.2999986624033       2.301447578481459E-004
   75.3999986606270       2.242675049372153E-004
   75.4999986588506       2.184559256145453E-004
   75.5999986570743       2.127083252216123E-004
   75.6999986552979       2.070230273814230E-004
   75.7999986535215       2.013983735217747E-004
   75.8999986517452       1.958327224031534E-004
   75.9999986499688       1.903244496511471E-004
   76.0999986481925       1.848719472932558E-004
   76.1999986464161       1.794736232999787E-004
   76.2999986446397       1.741279011300565E-004
   76.3999986428634       1.688332192797554E-004
   76.4999986410870       1.635880308360705E-004
   76.5999986393107       1.583908030337339E-004
   76.6999986375343       1.532400168159111E-004
   76.7999986357580       1.481341663984669E-004
   76.8999986339816       1.430717588376891E-004
   76.9999986322052       1.380513136013519E-004
   77.0999986304289       1.330713621430061E-004
   77.1999986286525       1.281304474793815E-004
   77.2999986268762       1.232271237707872E-004
   77.3999986250998       1.183599559043987E-004
   77.4999986233235       1.135275190803157E-004
   77.5999986215471       1.087283984002816E-004
   77.6999986197708       1.039611884589506E-004
   77.7999986179944       9.922449293759010E-005
   77.8999986162180       9.451692420010975E-005
   77.9999986144417       8.983710289130259E-005
   78.0999986126653       8.518365753718991E-005
   78.1999986108890       8.055522414735795E-005
   78.2999986091126       7.595044581917631E-005
   78.3999986073363       7.136797234378781E-005
   78.4999986055599       6.680645981375993E-005
   78.5999986037835       6.226457023228702E-005
   78.6999986020072       5.774097112383488E-005
   78.7999986002308       5.323433514611613E-005
   78.8999985984545       4.874333970328836E-005
   78.9999985966781       4.426666656026410E-005
   79.0999985949018       3.980300145802365E-005
   79.1999985931254       3.535103372982057E-005
   79.2999985913490       3.090945591817038E-005
   79.3999985895727       2.647696339251243E-005
   79.4999985877963       2.205225396743489E-005
   79.5999985860200       1.763402752135278E-005
   79.6999985842436       1.322098561552887E-005
   79.7999985824673       8.811831113326521E-006
   79.8999985806909       4.405267799584163E-006
   79.9999985789145        0.00000000000000     
